#	 t					Q					v				k				        omega			nut
0.000000e+00	5.817404166666667e-09	1.333251e-03	2.399703609151349e-09 0.08943719601208715   1.341558e-08
6.006441e-03	5.817404166666667e-09	1.333251e-03	2.399703609151349e-09 0.08943719601208715   1.341558e-08
2.445546e-02	-6.0183625e-10			-1.379307e-04	2.5683585303361498e-11 0.009252672641523907  	1.387901e-09
4.984083e-02	1.1844073611111112e-08	2.714462e-03	9.9472103317494e-09 0.18209164663020103 	2.731374e-08
7.290875e-02	1.1698677777777777e-08	2.681139e-03	9.704483555383348e-09 0.17985627183377423   2.697845e-08
9.365126e-02	-1.0492408333333332e-08	-2.404683e-03	7.806375446160148e-09 0.16131103957014378   2.419666e-08
1.097722e-01	-4.2108805555555554e-08	-9.650626e-03	1.2573168595903265e-07 0.6473836728428067	9.710755e-08
1.224542e-01	-4.8491694444444444e-08	-1.111348e-02	1.6673774090904002e-07 0.7455149023975309	1.118272e-07
1.282744e-01	1.4501194444444443e-08	3.323428e-03	1.49109844560984e-08 0.2229423277897851	    3.344134e-08
1.387641e-01	1.4364569444444445e-07	3.292116e-02	1.4631337472565596e-06 2.208418549744409	3.312628e-07
1.528363e-01	4.1773555555555557e-07	9.573794e-02	1.2373766759848858e-05 6.422296255973886	9.633445e-07
1.645965e-01	6.855370833333333e-07	1.571135e-01	3.3324280041037493e-05 10.539493985487395	1.580924e-06
1.775046e-01	9.470284722222223e-07	2.170429e-01	6.35952875945535e-05 14.559680353010673	    2.183952e-06
1.868968e-01	1.1423608333333335e-06	2.618098e-01	9.253490135765398e-05 17.56273529926873	    2.634411e-06
2.008546e-01	1.2809379166666668e-06	2.935694e-01	0.00011634704003208598 19.6932340354148	    2.953985e-06
2.159525e-01	1.4037500000000001e-06	3.217159e-01	0.00013972651242229352 21.58135865527574	3.237204e-06
2.321799e-01	1.4981930555555556e-06	3.433604e-01	0.000159160091789016 23.03331585544556      3.454998e-06
2.471794e-01	1.504401388888889e-06	3.447833e-01	0.00016048195734450152 23.1287668892011     3.469315e-06
2.540838e-01	1.485448611111111e-06	3.404397e-01	0.00015646390560372148 22.837389343189052	3.425609e-06
2.655752e-01	1.4349527777777778e-06	3.288669e-01	0.0001460071411860735 22.061062318488766	3.309159e-06
2.953426e-01	1.1731920833333333e-06	2.688758e-01	9.759716436461401e-05 18.03673698913914	    2.705511e-06
3.136533e-01	1.0028969444444444e-06	2.298470e-01	7.132001860214999e-05 15.418605492731823	2.312791e-06
3.423153e-01	7.97870138888889e-07	1.828584e-01	4.5140212508256e-05 12.266514379705427	    1.839977e-06
3.560230e-01	6.402098611111111e-07	1.467253e-01	2.9063223441121497e-05 9.842632344571497	1.476395e-06
3.732042e-01	4.982850000000001e-07	1.141985e-01	1.7605751493037495e-05 7.660668267855291	1.149100e-06
3.823569e-01	4.099859722222222e-07	9.396186e-02	1.1918922031790457e-05 6.303153187569551	9.454730e-07
3.949298e-01	2.7439319444444444e-07	6.288628e-02	5.338823686521839e-06 4.218539907962564 	6.327810e-07
4.166581e-01	5.3652736111111114e-08	1.229630e-02	2.0411864148149995e-07 0.8248608801519198	1.237291e-07
4.303738e-01	-9.455319444444444e-08	-2.166999e-02	6.339444299101349e-07 1.4536671213522199	2.180501e-07
4.383864e-01	-1.6708763888888887e-07	-3.829368e-02	1.9796480027222395e-06 2.568818147658724	3.853227e-07
4.533327e-01	-2.239084722222222e-07	-5.131605e-02	3.555004933263375e-06 3.4423852841033424	5.163578e-07
4.729218e-01	-2.460923611111111e-07	-5.640021e-02	4.2943279788595345e-06 3.783441105157902	5.675161e-07
5.063836e-01	-2.305458333333333e-07	-5.283721e-02	3.7688905267885353e-06 3.5444277990429502	5.316642e-07
5.341103e-01	-1.7714541666666667e-07	-4.059875e-02	2.2251489771093754e-06 2.723446944045588	4.085171e-07
5.491550e-01	-1.1736220833333333e-07	-2.689744e-02	9.7668757604736e-07 1.8043351278216584	    2.706502e-07
5.722788e-01	-5.1326916666666665e-08	-1.176326e-02	1.8680528586725995e-07 0.7891034699101253	1.183655e-07
6.011670e-01	1.1520568055555557e-08	2.640320e-03	9.41124109824e-09 0.17711805007056733       2.656770e-08
6.265656e-01	3.972377777777778e-08	9.104021e-03	1.1189231779739534e-07 0.6107162947375684	9.160744e-08
6.600407e-01	7.102756944444445e-08	1.627832e-02	3.5772799773024e-07 1.0919829023848313      1.637974e-07
6.969867e-01	1.1491540277777778e-07	2.633667e-02	9.36387252030015e-07 1.7667175326293816     2.650076e-07
7.304458e-01	1.2731041666666667e-07	2.917740e-02	1.149282905526e-06 1.9572794942010707       2.935919e-07
7.662091e-01	1.3653944444444446e-07	3.129254e-02	1.32195113052966e-06 2.0991673988589383     3.148751e-07
8.008163e-01	1.4262430555555556e-07	3.268708e-02	1.44240101855064e-06 2.1927159859792145     3.289074e-07
8.331007e-01	1.29814875e-07			2.975138e-02	1.19494522607094e-06 1.9957832431328308     2.993675e-07
8.515232e-01	9.188101388888889e-08	2.105758e-02	5.986192618661399e-07 1.4125854096492005	2.118878e-07
8.872465e-01	5.383811111111111e-08	1.233879e-02	2.0553174719653496e-07 0.8277111960028388	1.241567e-07
9.322050e-01	2.5191444444444447e-08	5.773453e-03	4.499922538333213e-08 0.3872950011870027	5.809425e-08
9.748568e-01	-3.4406958333333333e-09	-7.885494e-04	8.394437109244857e-10 0.05289750186050017   7.934625e-09
1.000000e+00	-4.491702777777778e-10	-1.029422e-04	1.4306080330134002e-11 0.006905572708601366   1.035836e-09